                 Generalized Linear Model Regression Results                  
==============================================================================
Dep. Variable:                      y   No. Observations:                 5820
Model:                            GLM   Df Residuals:                     5769
Model Family:                   Gamma   Df Model:                           50
Link Function:                    Log   Scale:                          2.5964
Method:                          IRLS   Log-Likelihood:                -25473.
Date:                Thu, 24 Sep 2026   Deviance:                       11171.
Time:                        21:05:01   Pearson chi2:                 1.50e+04
No. Iterations:                    74   Pseudo R-squ. (CS):             0.4889
Covariance Type:            nonrobust                                         
==========================================================================================================
                                             coef    std err          z      P>|z|      [0.025      0.975]
----------------------------------------------------------------------------------------------------------
const                                      4.6128      0.183     25.176      0.000       4.254       4.972
log_budget                                 0.5887      0.034     17.517      0.000       0.523       0.655
runtime                                    0.1585      0.028      5.751      0.000       0.104       0.212
year                                      -0.0960      0.027     -3.496      0.000      -0.150      -0.042
log_cast_size                              0.1312      0.027      4.944      0.000       0.079       0.183
log_crew_size                              0.1928      0.028      6.879      0.000       0.138       0.248
n_keywords                                 0.1597      0.024      6.787      0.000       0.114       0.206
n_countries                               -0.0457      0.023     -1.998      0.046      -0.091      -0.001
n_genres                                   0.3537      0.060      5.938      0.000       0.237       0.471
n_spoken_languages                         0.0165      0.022      0.737      0.461      -0.027       0.060
director_prior_films_log                  -0.0854      0.031     -2.788      0.005      -0.145      -0.025
director_prior_mean_log_rev                0.2066      0.023      8.852      0.000       0.161       0.252
cast_prior_mean_log_rev                    0.0737      0.023      3.238      0.001       0.029       0.118
collection_prior_mean_log_rev              0.0678      0.038      1.779      0.075      -0.007       0.143
is_sequel                                 -0.1916      0.242     -0.792      0.428      -0.666       0.282
budget_missing                            -0.7974      0.053    -15.144      0.000      -0.901      -0.694
director_has_history                       0.1760      0.062      2.830      0.005       0.054       0.298
collection_has_rev_history                 0.5404      0.255      2.116      0.034       0.040       1.041
lang_en                                    0.0364      0.126      0.288      0.774      -0.211       0.284
g_Action                                  -0.3322      0.072     -4.614      0.000      -0.473      -0.191
g_Adventure                               -0.1814      0.094     -1.930      0.054      -0.366       0.003
g_Comedy                                  -0.2291      0.072     -3.199      0.001      -0.370      -0.089
g_Crime                                   -0.3462      0.083     -4.152      0.000      -0.510      -0.183
g_Drama                                   -0.5286      0.068     -7.767      0.000      -0.662      -0.395
g_Fantasy                                 -0.3094      0.103     -2.999      0.003      -0.512      -0.107
g_History                                 -0.3892      0.128     -3.045      0.002      -0.640      -0.139
g_Horror                                  -0.1220      0.091     -1.346      0.178      -0.300       0.056
g_Music                                   -0.4586      0.132     -3.480      0.001      -0.717      -0.200
g_Mystery                                 -0.1848      0.099     -1.866      0.062      -0.379       0.009
g_Romance                                 -0.1619      0.074     -2.185      0.029      -0.307      -0.017
g_Science_Fiction                         -0.5650      0.090     -6.252      0.000      -0.742      -0.388
g_Thriller                                -0.4380      0.076     -5.784      0.000      -0.586      -0.290
g_War                                     -0.5439      0.138     -3.955      0.000      -0.813      -0.274
g_Western                                 -0.5864      0.190     -3.091      0.002      -0.958      -0.215
release_season=Sep-Oct                    -0.3076      0.053     -5.851      0.000      -0.411      -0.205
original_language=hi                       0.3265      0.215      1.516      0.129      -0.095       0.748
original_language=ru                      -0.1966      0.224     -0.876      0.381      -0.637       0.243
original_language=es                      -0.0635      0.225     -0.282      0.778      -0.505       0.378
original_language=ja                       1.0610      0.235      4.515      0.000       0.600       1.522
original_language=de                       0.2173      0.295      0.736      0.462      -0.361       0.796
original_language=ko                       1.0725      0.304      3.530      0.000       0.477       1.668
original_language=zh                       1.6610      0.312      5.321      0.000       1.049       2.273
original_language=Other                    0.1988      0.171      1.164      0.244      -0.136       0.534
director_gender_cat=unknown               -0.1741      0.058     -3.020      0.003      -0.287      -0.061
director_gender_cat=female                -0.3436      0.106     -3.233      0.001      -0.552      -0.135
lead_gender_cat=unknown                   -0.1387      0.088     -1.572      0.116      -0.312       0.034
lead_company=Unknown                      -0.9440      0.116     -8.138      0.000      -1.171      -0.717
lead_company=Warner Bros.                 -0.2250      0.146     -1.540      0.124      -0.511       0.061
lead_company=Metro-Goldwyn-Mayer (MGM)    -0.7081      0.182     -3.897      0.000      -1.064      -0.352
lead_company=Other                        -0.3824      0.052     -7.401      0.000      -0.484      -0.281
log_budget:is_sequel                      -0.0286      0.100     -0.288      0.774      -0.224       0.167
==========================================================================================================